,Mode_Sea,Mode_Truck,Mode_Train,Distance,Delay_Status,Delay_Hours,Traffic_Condition,Weather_Conditions_Clear,Weather_Conditions_Foggy,Weather_Conditions_Rain
0,1,0,0,1954,0,0,1,1,0,0
1,0,0,1,2708,0,0,1,1,0,0
2,0,1,0,2179,0,0,0,1,0,0
3,1,0,0,2424,0,0,2,0,0,1
4,1,0,0,4727,0,0,2,0,0,0
5,0,0,1,1277,1,10,1,0,1,0
6,0,1,0,1191,1,2,2,0,0,0
7,0,1,0,2891,0,0,1,1,0,0
8,1,0,0,1849,0,0,1,0,0,1
9,0,0,0,2775,1,10,1,0,0,0
10,1,0,0,881,1,0,2,1,0,0
11,1,0,0,3148,0,0,1,0,1,0
12,1,0,0,2205,0,0,1,0,1,0
13,1,0,0,3967,0,0,0,0,1,0
14,0,0,1,4642,1,8,1,1,0,0
15,0,1,0,2213,1,2,1,0,0,1
16,0,0,1,4070,0,0,0,0,0,0
17,0,0,1,2091,0,0,0,0,1,0
18,0,0,1,1167,1,7,2,1,0,0
19,1,0,0,1677,1,5,1,1,0,0
20,0,0,0,1111,1,2,2,0,0,0
21,0,1,0,2374,1,5,2,0,1,0
22,0,0,0,4969,0,0,0,1,0,0
23,0,0,1,1914,0,0,2,0,0,0
24,0,0,1,2526,0,0,1,0,0,1
25,0,0,0,4502,0,0,0,0,0,1
26,0,0,0,4974,0,0,1,0,0,1
27,0,0,0,2651,1,12,1,0,1,0
28,0,0,1,3757,0,0,0,0,0,0
29,0,0,1,107,1,9,1,0,0,0
30,0,1,0,2655,0,0,0,1,0,0
31,0,1,0,575,1,8,1,1,0,0
32,0,0,1,2311,0,0,0,1,0,0
33,0,0,0,584,0,0,2,0,0,0
34,0,0,0,4754,0,0,1,1,0,0
35,0,1,0,2385,0,0,0,0,0,0
36,0,0,1,4663,1,1,1,0,0,0
37,0,1,0,3625,1,0,1,0,0,1
38,0,1,0,3439,0,0,1,1,0,0
39,1,0,0,2922,0,0,0,0,0,1
40,1,0,0,3024,0,0,2,0,1,0
41,1,0,0,358,0,0,2,0,1,0
42,0,0,0,382,1,9,2,0,1,0
43,0,0,1,1998,1,2,0,0,0,0
44,0,0,1,4235,0,0,2,0,0,0
45,0,0,1,3076,1,4,0,0,0,0
46,0,0,1,2367,0,0,1,1,0,0
47,1,0,0,3300,1,6,1,0,0,1
48,0,0,0,712,0,0,2,0,0,0
49,0,0,0,787,1,11,0,0,0,1
50,1,0,0,3790,1,1,1,0,0,1
51,0,0,0,712,0,0,0,0,0,1
52,1,0,0,2407,1,7,0,1,0,0
53,0,0,1,3113,0,0,1,1,0,0
54,1,0,0,1881,0,0,0,0,1,0
55,0,0,1,2691,0,0,1,0,1,0
56,0,0,1,2796,1,8,1,0,0,1
57,0,1,0,4058,1,9,1,0,1,0
58,1,0,0,674,1,6,0,0,0,1
59,0,1,0,2010,1,8,1,1,0,0
60,1,0,0,3704,0,0,0,1,0,0
61,1,0,0,769,1,2,1,1,0,0
62,0,1,0,4464,0,0,1,0,0,0
63,0,1,0,1383,0,0,2,0,0,1
64,1,0,0,1023,0,0,2,1,0,0
65,0,0,0,1225,1,2,2,0,0,1
66,0,0,1,1629,1,10,0,0,1,0
67,0,1,0,1694,0,0,0,0,1,0
68,0,0,1,346,0,0,1,1,0,0
69,0,0,0,3811,1,4,1,0,0,1
70,0,0,0,1660,0,0,1,1,0,0
71,0,0,0,2500,1,12,1,0,1,0
72,0,1,0,2343,1,6,0,1,0,0
73,0,0,0,3964,0,0,1,0,0,1
74,0,1,0,2039,0,0,1,0,1,0
75,0,0,0,3169,1,1,2,0,0,0
76,0,0,1,326,1,11,1,0,1,0
77,0,0,1,3647,0,0,1,0,0,0
78,1,0,0,364,1,9,1,1,0,0
79,0,0,1,1495,0,0,0,1,0,0
80,1,0,0,3657,0,0,2,0,0,1
81,0,0,1,745,1,10,1,0,0,0
82,0,1,0,3090,1,10,1,1,0,0
83,0,0,1,1999,0,0,2,0,0,0
84,1,0,0,2604,1,2,1,1,0,0
85,1,0,0,2872,0,0,0,0,1,0
86,0,0,0,1254,0,0,1,1,0,0
87,0,1,0,687,0,0,0,0,0,1
88,0,0,1,4671,1,10,0,0,1,0
89,0,0,0,1921,0,0,1,0,0,1
90,0,0,1,1085,0,0,2,0,1,0
91,0,0,1,4179,0,0,0,0,0,0
92,0,0,0,3448,1,11,2,0,0,1
93,0,0,0,3931,0,0,1,1,0,0
94,0,0,0,1341,1,9,0,0,0,0
95,0,0,0,289,0,0,1,1,0,0
96,0,0,0,1080,0,0,2,0,1,0
97,0,0,1,1798,0,0,1,0,1,0
98,0,0,0,1815,1,3,1,1,0,0
99,0,1,0,2693,1,6,0,1,0,0
100,1,0,0,4236,0,0,1,0,0,0
101,0,0,0,4533,0,0,1,1,0,0
102,0,0,0,1198,0,0,1,0,0,1
103,0,0,1,2426,0,0,0,0,0,1
104,0,0,0,3347,0,0,2,1,0,0
105,0,0,0,995,0,0,2,0,0,1
106,0,0,0,1774,0,0,1,1,0,0
107,0,0,1,3009,0,0,0,0,0,0
108,0,0,0,1030,0,0,1,0,0,1
109,1,0,0,4484,1,7,2,0,0,1
110,0,0,1,823,0,0,0,1,0,0
111,1,0,0,3040,0,0,2,0,0,1
112,0,0,1,1189,1,12,2,0,1,0
113,0,0,0,4678,0,0,0,0,0,0
114,1,0,0,1035,0,0,0,0,0,0
115,0,0,1,2395,0,0,1,0,0,1
116,0,1,0,255,0,0,1,0,0,1
117,0,0,0,1170,0,0,2,0,1,0
118,0,0,1,2058,0,0,0,0,1,0
119,0,1,0,2601,1,4,0,0,0,1
120,0,0,1,4319,0,0,1,0,0,1
121,0,1,0,3930,0,0,2,0,1,0
122,0,0,0,954,0,0,2,1,0,0
123,1,0,0,739,0,0,1,0,1,0
124,0,1,0,2338,0,0,0,1,0,0
125,0,0,1,1702,1,5,1,0,0,0
126,0,0,0,541,0,0,1,0,0,0
127,0,1,0,4728,0,0,1,0,1,0
128,0,0,1,1436,0,0,1,1,0,0
129,0,0,1,3800,0,0,0,0,1,0
130,0,0,1,1048,1,9,1,0,1,0
131,0,1,0,3473,0,0,0,1,0,0
132,0,1,0,559,0,0,1,0,1,0
133,0,1,0,4746,0,0,2,0,0,0
134,1,0,0,492,1,11,0,0,0,1
135,0,1,0,4038,0,0,2,0,0,1
136,0,1,0,1887,0,0,1,0,1,0
137,0,1,0,2357,1,12,1,1,0,0
138,1,0,0,1238,1,2,1,1,0,0
139,0,1,0,3908,0,0,0,0,0,0
140,0,0,1,4841,0,0,2,1,0,0
141,0,1,0,2554,0,0,0,1,0,0
142,0,0,1,1566,0,0,0,0,0,0
143,0,0,1,3774,0,0,1,0,1,0
144,0,0,1,1477,0,0,2,0,0,1
145,1,0,0,2697,0,0,1,0,0,0
146,1,0,0,241,0,0,0,0,1,0
147,1,0,0,2759,0,0,1,0,0,0
148,0,1,0,4696,1,3,2,0,1,0
149,0,0,1,939,0,0,1,0,0,0
150,1,0,0,3718,0,0,2,0,1,0
151,1,0,0,4017,0,0,2,0,0,0
152,0,1,0,695,1,5,1,0,1,0
153,1,0,0,2004,0,0,0,0,0,0
154,0,1,0,380,0,0,1,0,0,1
155,0,0,0,523,0,0,0,0,0,1
156,1,0,0,4465,0,0,0,1,0,0
157,0,0,0,4349,0,0,1,0,1,0
158,0,1,0,1850,0,0,0,0,0,0
159,0,0,1,4857,0,0,0,0,1,0
160,1,0,0,2067,1,12,1,0,0,1
161,0,1,0,4188,0,0,1,0,1,0
162,0,0,1,4278,0,0,1,0,0,0
163,0,0,1,3046,1,1,0,0,1,0
164,0,0,0,1549,0,0,2,0,0,0
165,0,1,0,2431,0,0,0,0,0,1
166,0,0,1,2320,0,0,2,0,0,1
167,1,0,0,3889,0,0,1,0,0,1
168,1,0,0,2910,1,3,2,1,0,0
169,0,0,0,4828,1,5,1,0,0,1
170,0,0,1,1631,0,0,1,0,1,0
171,0,1,0,4982,0,0,2,1,0,0
172,1,0,0,3090,1,3,1,0,0,1
173,0,0,1,4593,1,8,2,0,1,0
174,0,0,1,1243,1,6,1,0,1,0
175,0,0,0,1033,0,0,0,0,1,0
176,1,0,0,1560,0,0,0,0,0,0
177,1,0,0,2823,1,5,1,1,0,0
178,0,1,0,2612,0,0,1,0,1,0
179,1,0,0,385,0,0,2,0,0,0
180,0,1,0,364,0,0,0,0,0,1
181,1,0,0,2467,0,0,2,0,1,0
182,0,0,0,3547,0,0,1,0,0,0
183,1,0,0,1862,0,0,1,0,1,0
184,0,1,0,3148,1,1,2,1,0,0
185,0,1,0,2481,0,0,1,1,0,0
186,0,0,0,2369,1,4,0,0,0,1
187,1,0,0,140,0,0,2,0,1,0
188,1,0,0,167,0,0,0,0,0,0
189,0,0,0,1087,1,10,0,0,0,1
190,1,0,0,4108,0,0,0,0,1,0
191,1,0,0,3298,0,0,2,0,0,1
192,0,1,0,4890,0,0,1,0,0,0
193,1,0,0,2624,0,0,0,0,0,1
194,1,0,0,1185,1,12,0,0,0,1
195,0,0,0,2579,1,11,0,0,0,1
196,0,0,0,1793,0,0,1,0,1,0
197,0,0,1,2415,0,0,1,0,0,0
198,0,1,0,878,0,0,2,1,0,0
199,1,0,0,4689,1,8,1,0,1,0
200,1,0,0,1685,0,0,2,1,0,0
201,0,0,1,1592,0,0,2,1,0,0
202,1,0,0,760,0,0,2,0,1,0
203,0,1,0,1448,0,0,2,0,1,0
204,0,0,1,1399,0,0,2,0,0,0
205,0,1,0,4040,1,2,0,0,0,0
206,0,0,1,2086,0,0,1,0,0,1
207,0,0,1,2144,0,0,0,1,0,0
208,0,0,0,3616,1,12,2,0,0,0
209,0,1,0,1158,1,2,1,0,0,1
210,1,0,0,1076,0,0,0,0,0,0
211,1,0,0,4677,0,0,0,0,1,0
212,0,1,0,827,0,0,2,0,0,0
213,1,0,0,2627,0,0,0,1,0,0
214,1,0,0,3236,0,0,0,0,0,0
215,0,1,0,442,0,0,0,1,0,0
216,0,0,1,1547,0,0,0,0,1,0
217,0,1,0,2479,1,11,0,1,0,0
218,0,0,1,3759,0,0,2,0,0,0
219,1,0,0,626,0,0,2,0,0,1
220,1,0,0,1996,0,0,0,0,1,0
221,1,0,0,4854,1,4,2,0,0,0
222,0,0,0,2173,1,10,2,0,1,0
223,0,0,1,505,1,7,1,0,1,0
224,0,0,0,1673,1,0,0,0,0,0
225,0,0,0,4700,1,10,2,0,0,0
226,0,1,0,3840,0,0,2,0,0,1
227,0,0,0,4374,0,0,0,0,1,0
228,0,1,0,4327,0,0,1,0,1,0
229,0,1,0,1946,1,6,0,0,0,0
230,0,0,0,1578,1,9,1,1,0,0
231,0,0,1,2495,0,0,0,0,0,0
232,0,0,1,871,0,0,0,0,1,0
233,0,0,1,678,0,0,0,0,0,0
234,0,0,1,3001,1,0,0,0,0,1
235,0,0,1,293,0,0,1,1,0,0
236,0,0,0,2107,0,0,1,0,0,0
237,0,0,0,1285,0,0,2,0,0,1
238,1,0,0,2494,0,0,0,0,1,0
239,0,0,1,3098,1,4,1,0,0,0
240,0,0,0,1892,0,0,1,0,1,0
241,1,0,0,1210,1,6,1,0,0,1
242,0,0,1,4105,0,0,0,0,1,0
243,0,1,0,2361,0,0,2,0,0,1
244,1,0,0,3836,0,0,1,0,0,1
245,0,0,0,3893,1,3,0,0,0,1
246,0,1,0,2036,0,0,1,0,0,0
247,0,1,0,4975,0,0,1,0,1,0
248,0,1,0,4457,0,0,2,0,1,0
249,1,0,0,829,1,10,1,1,0,0
250,0,0,0,4478,0,0,1,1,0,0
251,0,1,0,3551,1,1,0,1,0,0
252,0,0,1,4557,0,0,0,1,0,0
253,0,1,0,4636,0,0,2,0,1,0
254,0,1,0,2240,0,0,0,0,0,1
255,1,0,0,1744,0,0,0,0,0,1
256,1,0,0,2900,0,0,2,0,0,0
257,0,0,0,241,0,0,1,0,0,1
258,0,0,1,1555,0,0,2,0,1,0
259,1,0,0,4896,1,10,0,0,1,0
260,0,1,0,2196,0,0,2,0,1,0
261,0,0,0,1425,1,5,1,0,0,0
262,0,1,0,1313,0,0,2,1,0,0
263,0,1,0,1259,0,0,0,0,0,1
264,1,0,0,4750,0,0,0,0,1,0
265,0,0,0,4599,0,0,2,0,1,0
266,0,0,1,4797,0,0,1,1,0,0
267,0,0,1,440,0,0,2,0,1,0
268,1,0,0,3928,0,0,1,0,0,1
269,1,0,0,2068,0,0,1,0,0,0
270,0,0,0,803,1,8,2,0,1,0
271,0,0,1,4513,1,12,1,0,0,1
272,0,0,1,2529,0,0,0,0,1,0
273,0,0,1,1900,0,0,2,1,0,0
274,0,1,0,4748,0,0,1,0,1,0
275,0,0,1,955,0,0,0,0,1,0
276,0,1,0,1912,0,0,2,0,0,0
277,0,0,0,2966,0,0,0,1,0,0
278,0,1,0,3742,0,0,0,1,0,0
279,0,0,0,282,0,0,0,0,0,0
280,0,0,1,3212,0,0,1,0,1,0
281,0,0,1,4592,1,9,2,0,0,1
282,0,0,0,1617,1,4,2,1,0,0
283,1,0,0,1456,0,0,1,1,0,0
284,0,0,0,2274,1,12,2,0,1,0
285,1,0,0,3729,1,5,0,0,1,0
286,0,1,0,3728,0,0,2,1,0,0
287,0,1,0,4196,0,0,1,0,1,0
288,0,1,0,3339,0,0,0,0,0,1
289,0,0,1,3791,1,10,1,1,0,0
290,0,1,0,118,1,10,0,0,0,1
291,1,0,0,3503,0,0,0,0,0,1
292,0,1,0,4779,0,0,2,0,1,0
293,0,0,0,4651,0,0,0,0,0,1
294,0,0,0,3104,0,0,1,0,1,0
295,0,0,1,1232,0,0,2,0,0,0
296,0,0,0,3439,1,11,1,0,1,0
297,1,0,0,3411,0,0,0,0,0,1
298,0,1,0,3472,1,8,1,0,0,0
299,0,0,1,1087,1,11,1,0,1,0
300,0,1,0,3421,1,9,0,0,0,1
301,0,1,0,4715,0,0,2,1,0,0
302,1,0,0,273,0,0,1,1,0,0
303,0,0,0,3841,0,0,0,0,1,0
304,0,0,0,3152,0,0,2,0,1,0
305,0,1,0,826,0,0,2,1,0,0
306,0,0,1,3860,0,0,2,0,0,1
307,0,0,0,1975,0,0,1,0,0,1
308,0,0,1,4133,0,0,1,0,0,1
309,0,0,0,1089,0,0,1,0,1,0
310,0,0,1,3844,0,0,2,0,0,0
311,1,0,0,2786,1,11,1,0,0,0
312,0,0,1,519,1,3,0,0,0,0
313,1,0,0,693,0,0,1,0,0,0
314,1,0,0,1874,0,0,1,0,0,0
315,0,0,1,2559,0,0,2,0,1,0
316,1,0,0,1035,0,0,1,0,1,0
317,0,1,0,3908,0,0,0,0,0,0
318,1,0,0,431,1,1,2,0,1,0
319,0,0,0,3549,0,0,0,0,1,0
320,0,0,1,2802,0,0,2,0,0,0
321,0,1,0,4106,0,0,2,0,0,1
322,0,0,1,3968,0,0,1,0,1,0
323,0,0,0,4300,0,0,0,0,0,1
324,0,0,0,301,0,0,2,0,1,0
325,0,0,0,2597,0,0,1,0,1,0
326,1,0,0,1942,0,0,2,0,0,0
327,1,0,0,1966,0,0,2,0,1,0
328,0,0,1,2096,0,0,2,1,0,0
329,0,0,1,1009,0,0,2,1,0,0
330,0,1,0,4405,1,1,2,0,0,0
331,0,1,0,4758,0,0,2,0,0,1
332,0,0,1,3289,0,0,1,0,0,1
333,1,0,0,870,0,0,2,0,0,1
334,0,0,0,3255,0,0,0,1,0,0
335,0,0,1,2601,0,0,1,0,0,1
336,0,1,0,2814,0,0,0,0,0,1
337,1,0,0,4824,1,5,2,0,0,0
338,0,0,1,3685,0,0,0,0,0,1
339,0,0,1,1728,0,0,2,1,0,0
340,1,0,0,486,0,0,2,1,0,0
341,0,0,1,3521,1,5,1,1,0,0
342,1,0,0,4108,0,0,1,0,0,0
343,0,0,0,4193,0,0,2,0,0,0
344,1,0,0,4463,0,0,1,0,1,0
345,1,0,0,2566,0,0,0,0,0,1
346,1,0,0,2382,0,0,1,0,0,0
347,0,0,1,1956,0,0,1,1,0,0
348,0,0,1,2098,0,0,0,1,0,0
349,1,0,0,1336,0,0,1,0,0,0
350,0,0,1,4769,0,0,2,0,0,0
351,0,1,0,4244,0,0,0,0,0,0
352,0,1,0,1250,1,2,2,0,1,0
353,0,0,1,4418,0,0,0,1,0,0
354,0,0,1,1531,0,0,2,0,1,0
355,1,0,0,1919,0,0,2,0,1,0
356,0,0,0,2424,0,0,1,0,0,1
357,0,0,1,1230,1,4,2,1,0,0
358,0,1,0,2758,0,0,1,1,0,0
359,1,0,0,3600,0,0,0,0,0,0
360,0,0,1,474,0,0,2,0,0,0
361,0,1,0,2220,0,0,2,0,0,1
362,0,1,0,4120,0,0,0,0,1,0
363,0,0,0,2121,0,0,0,0,0,0
364,1,0,0,3805,0,0,2,0,0,0
365,1,0,0,3359,1,0,0,1,0,0
366,0,0,0,3535,0,0,1,1,0,0
367,0,0,0,1989,1,6,0,0,0,0
368,1,0,0,1923,1,12,0,1,0,0
369,1,0,0,1574,1,6,2,0,0,1
370,0,0,1,2342,0,0,1,0,0,0
371,0,0,1,3343,0,0,0,1,0,0
372,0,0,0,3234,1,8,1,0,0,1
373,0,0,1,2170,0,0,1,1,0,0
374,0,1,0,459,0,0,1,1,0,0
375,0,0,1,2141,1,1,2,1,0,0
376,0,0,1,1241,1,4,0,0,0,0
377,0,1,0,1735,0,0,2,0,1,0
378,0,0,0,4100,0,0,0,1,0,0
379,0,1,0,2043,0,0,0,0,0,1
380,0,0,1,4874,1,6,2,0,0,0
381,0,0,0,3461,1,7,1,0,0,0
382,0,0,1,3080,0,0,1,0,0,1
383,0,1,0,106,0,0,0,1,0,0
384,0,1,0,3367,1,0,2,0,1,0
385,0,0,1,1691,0,0,1,1,0,0
386,1,0,0,3364,0,0,1,0,0,1
387,1,0,0,2706,1,0,0,0,0,0
388,0,1,0,3319,0,0,0,0,1,0
389,0,1,0,3373,0,0,2,0,0,0
390,1,0,0,1013,0,0,0,0,0,1
391,1,0,0,2111,0,0,1,1,0,0
392,0,0,1,1542,1,7,1,0,1,0
393,0,0,1,3154,0,0,1,0,0,0
394,1,0,0,3646,1,10,1,0,0,0
395,0,0,1,4321,0,0,2,0,0,0
396,0,0,1,3028,0,0,2,1,0,0
397,0,0,0,1929,0,0,0,0,1,0
398,0,0,1,675,0,0,0,1,0,0
399,0,1,0,1029,0,0,0,1,0,0
400,0,0,1,3859,0,0,2,1,0,0
401,0,0,1,3799,0,0,1,0,0,1
402,1,0,0,1563,0,0,0,0,0,1
403,0,1,0,3375,1,1,1,0,0,1
404,0,0,1,1154,0,0,0,0,1,0
405,0,0,1,2000,1,4,0,1,0,0
406,0,0,0,1557,0,0,0,1,0,0
407,0,0,1,1499,0,0,0,0,0,1
408,0,0,1,3515,0,0,0,1,0,0
409,0,0,0,542,0,0,1,1,0,0
410,1,0,0,3750,0,0,0,0,0,0
411,0,0,1,4752,1,0,1,1,0,0
412,0,0,0,1278,1,3,2,0,0,0
413,0,1,0,4558,0,0,0,1,0,0
414,1,0,0,1357,0,0,1,0,1,0
415,0,1,0,3734,1,10,2,0,0,1
416,0,1,0,1941,0,0,2,0,0,0
417,0,0,0,2409,1,5,2,0,0,1
418,0,0,1,1010,1,7,1,0,0,0
419,0,0,0,4440,1,10,0,0,0,0
420,0,0,0,4737,0,0,0,0,0,0
421,0,0,0,4109,0,0,1,0,1,0
422,0,0,0,2269,0,0,0,1,0,0
423,1,0,0,2272,0,0,1,0,0,0
424,0,0,1,223,1,3,0,0,1,0
425,0,1,0,3258,0,0,2,0,0,0
426,0,1,0,885,0,0,0,1,0,0
427,0,0,1,2516,1,9,1,0,0,0
428,0,1,0,896,1,4,1,0,1,0
429,0,0,1,4272,1,0,2,1,0,0
430,0,1,0,4254,1,0,1,0,1,0
431,0,0,0,2036,0,0,0,1,0,0
432,0,1,0,2256,0,0,0,1,0,0
433,0,0,1,3907,1,3,2,0,0,1
434,0,0,1,1401,0,0,1,0,0,1
435,0,0,1,4263,0,0,2,0,0,1
436,0,0,1,3240,0,0,0,1,0,0
437,0,0,1,3336,0,0,2,0,0,0
438,1,0,0,2452,1,0,1,0,1,0
439,1,0,0,2032,0,0,2,0,1,0
440,0,1,0,2821,0,0,1,0,1,0
441,0,0,1,464,0,0,1,0,0,1
442,0,1,0,2490,0,0,0,1,0,0
443,0,0,1,1046,0,0,0,0,0,1
444,0,0,1,1477,0,0,0,0,0,0
445,1,0,0,1539,1,11,1,1,0,0
446,1,0,0,3280,0,0,2,0,1,0
447,0,0,0,4957,0,0,1,0,0,1
448,1,0,0,440,0,0,0,0,0,1
449,0,0,0,3089,0,0,0,0,0,0
450,0,0,0,482,0,0,2,0,0,0
451,0,0,0,1656,1,3,0,0,0,1
452,0,0,0,399,0,0,0,0,0,0
453,0,0,0,238,1,5,0,0,1,0
454,0,1,0,458,0,0,2,0,0,0
455,1,0,0,1622,0,0,1,0,0,0
456,0,0,0,3556,0,0,0,0,0,1
457,0,0,1,1727,1,12,2,0,0,1
458,1,0,0,1403,0,0,0,1,0,0
459,1,0,0,1234,0,0,2,1,0,0
460,0,0,0,2286,0,0,0,0,0,1
461,0,1,0,3270,0,0,2,0,0,0
462,0,0,0,3935,0,0,0,0,0,0
463,0,1,0,2251,0,0,1,1,0,0
464,0,0,1,1337,0,0,0,1,0,0
465,1,0,0,3835,0,0,2,1,0,0
466,0,0,1,2934,0,0,0,0,1,0
467,0,1,0,4360,1,12,1,0,1,0
468,0,1,0,1098,1,5,0,1,0,0
469,0,0,1,2667,1,10,2,0,0,0
470,0,1,0,1407,0,0,2,1,0,0
471,0,0,1,756,0,0,1,0,1,0
472,1,0,0,2760,0,0,2,0,0,0
473,0,0,1,2311,0,0,0,0,1,0
474,1,0,0,2009,0,0,0,0,0,0
475,0,0,1,3830,0,0,0,0,1,0
476,0,1,0,2146,0,0,2,0,0,0
477,0,0,1,3262,0,0,0,0,0,0
478,0,1,0,1240,1,6,0,0,0,0
479,0,0,1,366,0,0,0,0,0,0
480,0,0,1,1945,0,0,1,0,0,1
481,0,0,0,1808,0,0,2,0,1,0
482,0,1,0,3730,0,0,2,0,1,0
483,0,0,0,3311,0,0,2,0,0,1
484,0,1,0,2393,1,7,1,0,0,0
485,0,0,0,3832,1,2,2,0,0,0
486,1,0,0,3929,0,0,1,0,1,0
487,0,0,1,1610,1,2,1,0,0,1
488,0,1,0,575,1,11,2,0,0,0
489,0,1,0,1076,1,6,0,0,0,0
490,0,0,1,1307,1,10,0,0,0,0
491,0,1,0,2060,0,0,2,1,0,0
492,0,1,0,657,0,0,2,0,0,1
493,0,0,0,982,0,0,1,0,0,0
494,0,1,0,2294,0,0,2,1,0,0
495,1,0,0,4861,1,5,1,0,0,1
496,1,0,0,2767,0,0,2,0,0,0
497,0,0,1,4777,1,10,0,0,1,0
498,0,1,0,4890,1,2,0,1,0,0
499,0,0,1,1710,1,5,2,1,0,0
500,1,0,0,3588,1,3,1,0,0,0
501,0,1,0,2554,0,0,0,0,0,0
502,0,1,0,4594,0,0,1,1,0,0
503,0,0,1,2046,0,0,2,0,1,0
504,1,0,0,4910,0,0,2,0,1,0
505,0,1,0,4899,0,0,0,0,0,1
506,0,0,1,2908,0,0,2,0,0,0
507,1,0,0,3925,1,7,0,0,1,0
508,0,0,1,3636,0,0,1,0,0,1
509,0,0,0,3902,0,0,0,0,1,0
510,0,1,0,4277,0,0,0,0,0,0
511,0,0,0,4799,0,0,1,0,0,1
512,1,0,0,2070,0,0,0,0,0,1
513,0,0,0,3922,1,6,0,0,0,1
514,0,0,0,2919,0,0,2,0,1,0
515,1,0,0,1002,1,6,1,0,0,0
516,0,0,1,464,0,0,0,0,0,1
517,0,0,0,4358,1,3,1,1,0,0
518,0,0,1,3219,0,0,1,0,0,0
519,0,0,0,2658,0,0,0,1,0,0
520,0,0,1,1963,0,0,2,1,0,0
521,1,0,0,215,1,5,1,0,0,1
522,0,0,0,2484,0,0,0,0,0,1
523,1,0,0,4035,0,0,1,0,1,0
524,0,0,0,2590,1,2,2,0,1,0
525,1,0,0,1042,1,4,2,0,1,0
526,1,0,0,1824,0,0,2,0,0,0
527,0,0,0,2434,1,4,0,0,1,0
528,0,0,0,2867,0,0,0,1,0,0
529,0,0,0,1237,0,0,2,0,1,0
530,0,1,0,2627,0,0,0,0,0,1
531,0,0,1,4217,1,8,2,0,1,0
532,0,1,0,3520,1,12,0,0,0,0
533,0,1,0,4878,0,0,2,0,0,0
534,1,0,0,4006,0,0,1,1,0,0
535,0,0,0,3737,0,0,2,0,0,0
536,0,0,1,3053,1,3,2,0,1,0
537,1,0,0,2467,1,5,0,0,0,1
538,0,1,0,4321,0,0,0,0,0,0
539,0,0,0,376,1,10,0,1,0,0
540,1,0,0,2099,1,0,0,0,1,0
541,0,0,0,1327,0,0,0,1,0,0
542,1,0,0,3852,0,0,0,0,0,0
543,0,0,0,3835,0,0,1,0,0,0
544,0,1,0,795,0,0,2,1,0,0
545,0,0,1,1409,0,0,2,0,1,0
546,0,1,0,4252,0,0,2,0,0,0
547,0,0,1,3334,1,6,1,0,0,1
548,0,0,0,4214,0,0,2,0,0,0
549,1,0,0,2411,0,0,1,0,1,0
550,0,1,0,2941,0,0,1,0,0,0
551,0,0,1,4308,0,0,1,1,0,0
552,0,1,0,3659,0,0,2,0,0,0
553,0,0,1,3498,0,0,1,0,0,0
554,0,1,0,641,0,0,2,0,1,0
555,0,0,1,2794,0,0,2,1,0,0
556,0,0,1,4774,0,0,0,0,1,0
557,0,0,0,1188,0,0,0,0,0,0
558,0,0,1,3463,1,2,1,0,0,1
559,0,0,0,124,0,0,1,0,0,0
560,0,0,1,1672,0,0,2,0,1,0
561,1,0,0,3058,1,2,1,0,0,1
562,1,0,0,4336,0,0,1,0,1,0
563,1,0,0,1867,0,0,2,0,1,0
564,0,0,1,4843,1,2,1,1,0,0
565,0,0,0,2335,0,0,1,0,0,1
566,0,0,0,300,0,0,2,0,0,0
567,0,0,1,3298,1,12,2,0,1,0
568,1,0,0,356,1,7,0,0,0,0
569,1,0,0,3847,1,8,2,1,0,0
570,0,0,0,4742,0,0,0,1,0,0
571,1,0,0,2341,0,0,1,0,0,1
572,0,1,0,3275,0,0,2,1,0,0
573,0,0,0,3706,0,0,2,1,0,0
574,1,0,0,3436,0,0,2,0,0,0
575,0,0,0,4997,0,0,1,1,0,0
576,0,1,0,513,1,3,0,1,0,0
577,0,0,0,2114,0,0,1,0,1,0
578,0,0,0,1481,0,0,1,1,0,0
579,0,0,0,1198,0,0,2,0,1,0
580,0,0,0,3526,0,0,0,1,0,0
581,0,1,0,3755,0,0,1,1,0,0
582,0,0,1,1009,0,0,2,0,0,1
583,0,0,0,287,0,0,1,0,0,1
584,0,0,0,4144,0,0,1,0,1,0
585,1,0,0,3856,1,1,2,1,0,0
586,0,0,0,2115,1,0,2,0,0,0
587,1,0,0,2192,0,0,0,0,0,1
588,0,0,1,3744,0,0,1,0,0,0
589,0,1,0,2230,1,9,2,0,0,1
590,0,1,0,457,1,8,2,0,0,1
591,0,0,1,2522,0,0,0,1,0,0
592,0,1,0,4357,1,12,0,0,0,1
593,0,0,1,4645,0,0,2,0,0,0
594,0,0,1,1597,1,5,0,0,0,1
595,0,0,1,2258,1,10,2,0,1,0
596,0,1,0,2655,0,0,1,1,0,0
597,1,0,0,2442,1,0,0,1,0,0
598,0,0,1,3051,0,0,1,0,1,0
599,0,0,0,1338,1,11,1,0,1,0
600,0,1,0,1073,0,0,1,0,1,0
601,0,0,1,4827,1,11,2,0,0,1
602,0,0,1,4065,0,0,1,1,0,0
603,0,0,0,1150,0,0,1,0,1,0
604,1,0,0,3801,0,0,1,0,0,1
605,1,0,0,2880,1,3,2,0,1,0
606,1,0,0,1688,1,10,1,0,0,0
607,0,0,1,3978,1,5,1,0,0,0
608,0,0,1,2468,1,9,0,1,0,0
609,0,0,1,536,0,0,2,0,0,1
610,0,1,0,2928,0,0,1,0,0,0
611,0,0,0,1656,0,0,0,0,0,0
612,0,0,1,3958,0,0,2,0,0,1
613,0,0,0,1404,0,0,2,0,1,0
614,0,0,0,2484,0,0,2,0,0,1
615,1,0,0,282,0,0,2,0,1,0
616,0,1,0,1689,0,0,2,0,0,0
617,0,0,1,1687,0,0,2,0,0,0
618,1,0,0,759,0,0,1,0,0,0
619,1,0,0,259,1,2,1,1,0,0
620,0,0,1,4053,1,3,1,1,0,0
621,0,0,0,1111,1,1,1,1,0,0
622,1,0,0,152,0,0,0,0,0,1
623,0,0,0,2407,0,0,1,0,0,0
624,0,1,0,1328,1,10,2,0,0,0
625,0,0,0,1135,0,0,1,0,0,1
626,0,1,0,3802,0,0,1,1,0,0
627,0,0,0,4145,0,0,2,0,0,1
628,1,0,0,4549,0,0,1,1,0,0
629,1,0,0,1364,0,0,1,0,0,0
630,0,1,0,1984,0,0,1,0,1,0
631,0,0,1,1909,0,0,0,1,0,0
632,0,1,0,3267,0,0,1,0,0,0
633,0,1,0,3897,0,0,2,0,0,0
634,0,0,0,2441,1,3,2,0,1,0
635,0,0,0,3514,0,0,1,0,0,0
636,0,1,0,917,0,0,1,0,0,0
637,1,0,0,2537,1,6,1,1,0,0
638,0,0,0,988,0,0,2,1,0,0
639,0,0,1,767,0,0,2,0,1,0
640,0,0,0,4828,0,0,0,0,1,0
641,0,0,0,2724,0,0,0,0,0,0
642,0,0,1,4332,0,0,0,1,0,0
643,0,1,0,4623,1,10,2,0,1,0
644,0,0,1,918,0,0,0,0,1,0
645,0,1,0,2288,0,0,1,0,0,1
646,0,1,0,1206,0,0,1,0,1,0
647,0,1,0,2324,0,0,2,0,0,0
648,0,0,1,297,0,0,0,1,0,0
649,0,1,0,2771,0,0,1,0,1,0
650,1,0,0,3592,0,0,2,0,0,1
651,0,0,1,2548,0,0,0,1,0,0
652,1,0,0,570,0,0,1,0,1,0
653,0,1,0,2048,0,0,0,0,0,1
654,0,0,0,3999,1,9,2,0,1,0
655,0,1,0,2110,0,0,0,1,0,0
656,1,0,0,3900,0,0,2,1,0,0
657,1,0,0,4218,0,0,0,1,0,0
658,0,0,1,3896,1,12,1,0,0,0
659,0,0,0,4088,0,0,2,0,1,0
660,0,0,1,334,0,0,2,0,0,0
661,1,0,0,1028,1,11,2,1,0,0
662,0,1,0,3707,1,7,0,0,0,1
663,0,0,0,622,0,0,0,0,1,0
664,0,1,0,3623,0,0,1,0,0,0
665,0,1,0,4626,1,2,2,0,1,0
666,0,0,0,4988,1,4,2,0,0,1
667,0,0,1,1729,1,1,0,0,0,0
668,0,1,0,4728,0,0,0,1,0,0
669,1,0,0,1416,0,0,1,0,0,0
670,0,1,0,2957,0,0,1,0,1,0
671,0,0,0,1224,1,0,0,0,1,0
672,0,0,0,2687,0,0,2,0,1,0
673,0,0,0,1123,0,0,1,0,1,0
674,0,0,1,1478,1,11,0,1,0,0
675,0,1,0,3474,0,0,0,0,0,0
676,0,0,1,1619,1,10,2,1,0,0
677,0,0,1,326,0,0,0,1,0,0
678,0,0,0,991,0,0,0,1,0,0
679,0,0,0,4172,0,0,1,0,1,0
680,0,0,1,2357,1,4,0,0,1,0
681,0,1,0,2888,0,0,0,0,1,0
682,1,0,0,496,0,0,1,0,0,0
683,0,0,1,2178,1,12,2,0,0,1
684,0,1,0,4844,0,0,2,0,1,0
685,0,0,0,4524,0,0,1,0,0,0
686,0,0,0,3337,0,0,1,0,1,0
687,0,1,0,3993,0,0,2,0,1,0
688,1,0,0,2105,0,0,2,1,0,0
689,0,0,0,2116,0,0,2,1,0,0
690,0,0,0,3271,0,0,2,1,0,0
691,0,0,0,2768,0,0,2,0,0,0
692,0,1,0,1978,0,0,1,0,0,1
693,0,0,1,1296,0,0,0,0,0,1
694,0,0,0,1872,0,0,2,0,0,0
695,0,0,1,261,0,0,2,0,1,0
696,1,0,0,4076,0,0,0,0,0,0
697,0,0,0,1851,0,0,0,0,1,0
698,0,0,0,875,0,0,0,0,0,0
699,1,0,0,1039,1,5,0,0,0,0
700,0,0,0,3320,0,0,0,0,0,0
701,0,0,1,639,1,9,0,0,0,1
702,0,1,0,1561,1,0,1,1,0,0
703,0,0,1,455,0,0,0,0,0,0
704,0,1,0,3704,0,0,0,0,0,1
705,0,1,0,3423,0,0,1,1,0,0
706,0,0,1,334,1,10,0,1,0,0
707,0,0,1,1648,0,0,2,0,0,0
708,0,0,1,2196,0,0,2,0,1,0
709,0,0,1,4313,0,0,0,0,1,0
710,1,0,0,2201,1,3,1,0,1,0
711,0,0,0,1773,1,0,2,0,0,0
712,0,1,0,2200,0,0,1,0,1,0
713,0,0,1,3757,0,0,2,0,0,1
714,0,0,1,4753,0,0,0,0,0,1
715,0,0,1,3696,0,0,1,0,0,1
716,1,0,0,3848,1,1,1,0,0,1
717,0,0,1,3273,0,0,1,1,0,0
718,0,0,1,1915,0,0,2,0,0,1
719,0,0,1,3941,0,0,2,0,1,0
720,0,0,0,2105,1,8,2,0,0,0
721,1,0,0,4593,1,6,0,0,1,0
722,0,0,1,774,0,0,2,0,0,1
723,0,1,0,486,1,4,0,1,0,0
724,0,1,0,2258,0,0,1,0,0,1
725,0,1,0,2761,0,0,1,0,0,0
726,1,0,0,2164,0,0,0,0,1,0
727,1,0,0,3951,0,0,2,0,0,0
728,0,1,0,3353,0,0,0,0,0,0
729,0,0,1,4736,1,2,1,0,0,0
730,1,0,0,4366,0,0,1,0,1,0
731,0,1,0,839,0,0,0,0,0,1
732,0,1,0,1501,0,0,2,0,0,0
733,0,0,1,3359,0,0,2,0,1,0
734,0,0,0,2377,1,12,0,1,0,0
735,1,0,0,4004,0,0,0,0,1,0
736,0,0,1,4023,0,0,2,1,0,0
737,0,1,0,4314,1,6,1,0,1,0
738,0,1,0,3327,0,0,0,0,0,1
739,0,0,1,2931,0,0,2,0,0,0
740,1,0,0,3858,0,0,2,0,0,1
741,0,0,0,2612,0,0,1,0,1,0
742,0,0,0,2251,1,9,1,0,0,0
743,0,1,0,3775,1,10,1,1,0,0
744,1,0,0,2845,0,0,1,0,1,0
745,0,0,0,3966,1,9,1,0,0,0
746,1,0,0,3864,0,0,0,1,0,0
747,1,0,0,2322,0,0,2,1,0,0
748,0,1,0,2892,0,0,0,0,0,1
749,0,0,0,1797,0,0,0,0,1,0
750,0,0,1,3562,0,0,0,1,0,0
751,0,1,0,4163,0,0,0,0,0,0
752,0,0,0,1624,1,11,0,1,0,0
753,0,0,0,4860,0,0,1,1,0,0
754,0,0,0,132,0,0,1,0,0,1
755,0,0,0,4125,0,0,2,0,0,1
756,0,0,0,2666,0,0,0,0,0,0
757,1,0,0,2903,0,0,2,0,0,1
758,0,1,0,3996,0,0,1,1,0,0
759,1,0,0,3809,1,12,1,1,0,0
760,0,0,1,819,0,0,1,0,0,1
761,0,0,0,4679,0,0,0,1,0,0
762,0,1,0,1072,0,0,0,1,0,0
763,0,0,0,3818,0,0,1,0,0,0
764,0,1,0,4502,0,0,2,0,0,1
765,1,0,0,4652,1,9,2,1,0,0
766,0,1,0,2307,0,0,1,0,0,1
767,0,0,1,4526,0,0,2,0,0,0
768,0,0,1,4420,0,0,1,0,0,1
769,0,1,0,3130,0,0,2,1,0,0
770,0,1,0,3675,0,0,1,0,0,1
771,0,1,0,3216,1,12,2,1,0,0
772,0,1,0,3385,0,0,0,1,0,0
773,0,0,1,743,1,6,1,1,0,0
774,0,0,0,4811,0,0,1,0,0,0
775,0,1,0,294,1,2,2,0,0,1
776,0,1,0,4096,0,0,1,0,0,0
777,0,0,1,588,0,0,1,0,0,1
778,0,0,1,2304,0,0,1,0,0,0
779,1,0,0,2757,1,4,0,0,1,0
780,0,1,0,3376,0,0,0,1,0,0
781,1,0,0,1202,0,0,2,1,0,0
782,0,0,1,1341,0,0,0,0,0,0
783,0,0,1,615,1,5,2,0,1,0
784,0,0,0,492,0,0,0,1,0,0
785,0,1,0,730,1,8,2,0,0,1
786,1,0,0,3816,0,0,0,0,0,0
787,0,0,1,1947,0,0,0,1,0,0
788,0,0,1,2755,0,0,2,1,0,0
789,1,0,0,1079,1,4,1,0,0,0
790,0,0,0,4629,0,0,1,0,0,0
791,0,0,1,3502,1,0,0,0,0,1
792,0,1,0,3971,0,0,2,0,0,1
793,0,0,1,377,0,0,1,1,0,0
794,0,1,0,332,0,0,2,1,0,0
795,1,0,0,1652,0,0,1,0,0,0
796,0,1,0,3370,1,0,2,1,0,0
797,1,0,0,2509,1,8,0,1,0,0
798,0,1,0,3612,1,1,2,0,0,0
799,1,0,0,125,1,11,1,1,0,0
800,0,1,0,560,0,0,0,1,0,0
801,0,0,0,3864,0,0,2,0,1,0
802,0,1,0,3531,1,11,1,0,0,1
803,0,1,0,3583,0,0,0,0,0,0
804,0,0,0,2094,1,8,2,0,1,0
805,0,0,1,590,1,3,1,0,0,1
806,0,0,1,1172,0,0,2,0,0,1
807,0,1,0,3273,1,6,2,0,0,1
808,0,0,0,315,0,0,0,0,1,0
809,0,1,0,1823,0,0,0,0,1,0
810,1,0,0,1692,0,0,1,0,0,1
811,1,0,0,2706,0,0,0,1,0,0
812,0,1,0,258,0,0,1,1,0,0
813,0,0,1,4881,0,0,2,0,1,0
814,0,0,1,3413,1,12,2,0,1,0
815,0,1,0,2941,1,10,1,0,1,0
816,0,1,0,1876,0,0,2,0,0,1
817,1,0,0,2152,0,0,0,1,0,0
818,0,0,1,2395,1,10,2,0,1,0
819,0,1,0,1796,0,0,0,0,1,0
820,1,0,0,3093,0,0,1,0,0,0
821,0,0,1,2569,0,0,1,0,0,1
822,0,0,0,2046,0,0,2,0,0,0
823,1,0,0,3909,0,0,2,1,0,0
824,0,0,1,2883,1,10,0,0,0,0
825,0,0,1,3744,0,0,0,0,0,0
826,1,0,0,2600,0,0,2,0,0,0
827,0,0,0,3745,0,0,2,0,0,1
828,1,0,0,2745,0,0,1,1,0,0
829,0,0,1,2449,0,0,1,0,0,0
830,0,1,0,2032,1,3,1,0,0,1
831,0,1,0,3394,1,8,2,1,0,0
832,1,0,0,1857,0,0,2,0,1,0
833,0,0,1,1216,1,2,2,0,0,0
834,0,1,0,2667,1,9,1,1,0,0
835,0,0,1,3599,1,7,2,0,0,0
836,1,0,0,592,0,0,0,0,1,0
837,0,1,0,3406,0,0,2,1,0,0
838,0,0,1,719,0,0,2,0,0,1
839,0,1,0,3332,0,0,2,1,0,0
840,1,0,0,3923,0,0,2,0,0,1
841,0,0,1,2480,0,0,2,1,0,0
842,0,1,0,1646,1,8,0,0,0,1
843,1,0,0,3663,1,3,0,0,1,0
844,0,1,0,1705,1,5,2,0,1,0
845,0,1,0,3852,0,0,1,0,1,0
846,0,0,0,4775,0,0,2,1,0,0
847,0,0,0,1990,0,0,2,0,1,0
848,1,0,0,1375,0,0,2,0,0,0
849,0,0,0,2843,0,0,1,0,1,0
850,1,0,0,2593,0,0,1,0,0,1
851,0,0,0,456,0,0,1,0,0,1
852,0,1,0,969,1,11,0,0,0,1
853,1,0,0,985,0,0,1,1,0,0
854,1,0,0,2101,1,1,0,0,0,0
855,0,1,0,1383,0,0,0,0,1,0
856,1,0,0,719,0,0,1,0,0,0
857,1,0,0,982,0,0,1,0,0,0
858,0,0,0,896,0,0,1,0,0,1
859,1,0,0,3742,0,0,0,0,0,1
860,0,0,1,3525,0,0,2,0,0,1
861,0,1,0,1396,0,0,1,1,0,0
862,0,0,0,4814,0,0,1,0,0,0
863,0,0,0,344,0,0,1,0,0,0
864,0,0,1,2995,1,12,0,1,0,0
865,0,1,0,1029,0,0,0,1,0,0
866,0,1,0,619,1,7,2,1,0,0
867,0,0,0,3312,0,0,1,0,0,0
868,1,0,0,2509,1,0,0,0,0,0
869,0,0,0,107,1,2,2,0,0,1
870,0,1,0,2625,0,0,1,0,0,1
871,0,0,1,3523,0,0,0,0,0,0
872,0,0,0,2119,1,5,1,0,0,1
873,0,1,0,4690,0,0,1,1,0,0
874,0,0,0,4382,0,0,0,0,1,0
875,1,0,0,3767,0,0,0,0,0,1
876,0,0,0,3771,1,2,0,0,0,0
877,0,0,0,2901,1,1,1,0,0,1
878,0,1,0,185,0,0,1,0,0,1
879,0,1,0,3215,0,0,2,0,0,1
880,0,1,0,4332,0,0,1,0,1,0
881,0,0,0,2568,0,0,0,1,0,0
882,1,0,0,3719,1,11,1,0,0,0
883,0,0,1,1736,0,0,2,0,1,0
884,0,0,1,3683,0,0,2,0,0,0
885,0,1,0,4109,0,0,0,0,0,0
886,0,1,0,3426,1,11,0,0,0,0
887,0,0,0,2318,0,0,2,0,1,0
888,0,0,1,2317,0,0,2,1,0,0
889,0,1,0,2469,0,0,2,0,0,0
890,1,0,0,3738,0,0,0,1,0,0
891,1,0,0,2603,0,0,2,1,0,0
892,0,1,0,1043,0,0,2,0,0,1
893,0,1,0,2937,0,0,0,0,1,0
894,0,0,1,2760,1,1,1,0,1,0
895,0,0,1,3036,1,2,1,0,0,1
896,0,0,0,4544,1,7,2,0,0,1
897,0,0,1,4047,0,0,1,1,0,0
898,1,0,0,1776,1,12,1,0,0,0
899,1,0,0,1296,0,0,1,0,1,0
900,0,1,0,4205,0,0,1,0,0,0
901,0,0,1,2887,0,0,2,0,0,0
902,0,0,0,1561,0,0,1,0,0,1
903,1,0,0,3418,0,0,1,0,0,0
904,1,0,0,766,0,0,0,1,0,0
905,0,0,0,2276,0,0,2,0,0,1
906,0,0,0,3843,0,0,0,0,0,0
907,1,0,0,700,0,0,0,0,0,1
908,1,0,0,2752,0,0,2,1,0,0
909,0,0,0,4522,0,0,1,1,0,0
910,1,0,0,3924,1,6,0,0,0,0
911,0,1,0,4006,1,5,2,0,0,1
912,0,1,0,1079,0,0,1,0,0,0
913,0,0,0,2551,0,0,2,0,0,0
914,0,0,1,728,0,0,0,0,0,1
915,0,0,0,1729,1,4,1,0,0,0
916,0,0,0,3796,0,0,1,1,0,0
917,0,0,1,3530,0,0,2,0,0,1
918,0,0,1,3774,0,0,1,0,0,1
919,0,0,1,4029,0,0,0,0,0,1
920,0,1,0,2865,0,0,0,0,0,1
921,1,0,0,4469,1,2,0,0,0,0
922,0,1,0,4880,0,0,2,0,0,0
923,1,0,0,215,0,0,1,1,0,0
924,0,1,0,2103,1,10,1,0,1,0
925,1,0,0,792,1,6,1,0,1,0
926,0,1,0,3262,0,0,0,1,0,0
927,0,0,1,1205,0,0,1,0,1,0
928,0,0,0,3108,0,0,0,1,0,0
929,0,1,0,2261,1,6,1,0,0,0
930,1,0,0,253,0,0,0,0,0,1
931,0,0,1,3799,1,4,1,0,0,1
932,0,1,0,4510,0,0,2,0,0,0
933,0,1,0,3886,0,0,2,0,0,1
934,0,0,1,1164,0,0,0,0,0,1
935,0,1,0,4300,0,0,0,0,1,0
936,0,0,0,2013,0,0,1,0,0,0
937,0,1,0,1316,0,0,1,0,1,0
938,0,0,0,2501,0,0,2,0,1,0
939,0,0,0,1872,1,7,1,0,0,1
940,0,0,1,2060,0,0,0,0,0,1
941,0,1,0,2880,1,7,0,0,0,0
942,0,0,1,4904,0,0,0,0,0,1
943,0,1,0,4846,0,0,0,0,0,1
944,0,1,0,2971,0,0,0,0,0,0
945,1,0,0,760,0,0,2,0,0,1
946,0,1,0,2735,1,3,2,0,1,0
947,0,0,1,2429,0,0,0,0,0,0
948,0,0,0,4054,0,0,1,0,0,1
949,0,1,0,2550,0,0,0,1,0,0
950,1,0,0,1232,0,0,2,0,0,0
951,0,0,1,799,0,0,0,0,0,0
952,0,1,0,2138,1,12,2,1,0,0
953,0,0,1,4747,1,8,2,0,0,1
954,1,0,0,4600,0,0,0,0,0,1
955,1,0,0,4657,0,0,0,0,0,0
956,0,0,1,2279,0,0,1,0,0,0
957,0,1,0,2938,0,0,2,0,0,1
958,0,0,0,973,0,0,1,0,0,1
959,1,0,0,183,0,0,0,0,1,0
960,0,1,0,1522,0,0,2,0,0,0
961,0,1,0,2775,0,0,1,0,0,0
962,0,0,0,3280,0,0,1,1,0,0
963,1,0,0,4416,0,0,1,0,1,0
964,1,0,0,4075,0,0,0,0,0,1
965,0,1,0,1491,0,0,0,0,1,0
966,0,1,0,3318,1,0,0,0,0,1
967,0,0,0,4307,0,0,2,0,0,1
968,0,0,0,714,0,0,0,0,1,0
969,1,0,0,3071,0,0,2,0,0,0
970,0,0,1,3665,1,8,1,0,0,1
971,1,0,0,3676,0,0,1,0,1,0
972,0,1,0,4670,0,0,0,1,0,0
973,1,0,0,370,0,0,1,0,1,0
974,0,0,1,4166,1,5,0,1,0,0
975,0,0,0,2568,1,10,2,0,0,1
976,0,0,1,1490,0,0,1,0,1,0
977,0,0,1,3454,1,12,0,0,1,0
978,0,0,1,4235,1,5,1,1,0,0
979,0,0,0,3707,1,5,1,0,1,0
980,0,0,1,2683,0,0,0,0,1,0
981,0,0,1,4173,0,0,1,0,0,1
982,0,0,1,3175,0,0,1,0,1,0
983,0,1,0,4006,1,7,1,0,0,0
984,0,0,1,389,0,0,1,1,0,0
985,0,0,0,2580,0,0,2,0,1,0
986,0,0,1,3352,0,0,1,1,0,0
987,0,0,1,378,1,2,1,1,0,0
988,0,0,0,3024,1,0,0,1,0,0
989,0,0,1,680,0,0,2,0,1,0
990,0,0,0,353,1,2,0,0,1,0
991,0,0,1,4376,0,0,0,1,0,0
992,0,0,0,4876,1,0,0,0,0,0
993,0,0,1,924,0,0,2,1,0,0
994,0,0,1,3932,0,0,0,0,0,0
995,0,1,0,799,1,7,0,1,0,0
996,0,1,0,1480,0,0,0,0,0,1
997,0,0,1,3996,1,2,1,1,0,0
998,0,0,1,1773,0,0,0,1,0,0
999,1,0,0,2827,0,0,2,0,1,0
